 1     4.7    -2.2   4.4   4.3 179 175
 2     4.4    -6.0   3.2   3.1 190 187
 3     5.7    -7.2   3.0   2.9 174 164
 4     9.8     1.8   2.6   2.5 191 188
 5     2.9     7.0   3.8   3.8 136 131
 6    -6.9     5.9   4.8   4.8 105  96
 7    -3.9     0.5   3.2   3.1  83  75
 8     2.0     2.9   3.3   3.2  67  62
 9    -1.3    -2.4   4.2   4.1  47  44
10     0.0     6.0   8.1   8.0  35  34
2015 02 22 08 41 51    10.0     5.5   0.362   3.9   3.9  10.0 179 177 169   0    0.0   0.0   0.0  0.0  0.0  0.0   4.34      0.000    0.000  11.6   0.1    0.3  29  30  30
 1    10.0     5.5   3.9   3.9 179 177
 2    10.2    -4.0   3.1   3.0 190 187
 3     6.7     1.2   3.4   3.3 174 165
 4    11.9     7.0   3.3   3.2 189 190
 5    -1.9     3.9   3.4   3.4 136 132
 6    -6.9    -2.1   3.5   3.4 105  97
 7    -5.2    -4.8   3.1   3.1  81  73
 8    -5.6     4.2   2.9   2.8  68  62
 9    -4.3     0.0   3.4   3.3  47  43
10     2.4    -2.6   7.9   7.9  37  34
2015 02 22 08 42 51    10.6    -0.4   0.362   3.5   3.4   9.8 180 176 164   0    0.0   0.0   0.0  0.0  0.0  0.0   4.36      0.000    0.000  11.6   0.1    0.3  29  29  30
 1    10.6    -0.4   3.5   3.4 180 176
 2    12.5    -8.5   2.7   2.6 191 189
 3     4.6     0.0   3.1   3.1 175 165
 4     2.5     9.3   2.9   2.8 190 189
 5     9.8     4.7   4.2   4.1 135 131
 6    -0.6     5.5   3.5   3.5 105  98
 7    -5.2    -0.8   2.9   2.9  83  74
 8    -1.9     1.4   3.8   3.7  67  60
 9     0.9     2.5   3.7   3.6  46  43
10     4.9     5.7   9.1   9.1  36  34
2015 02 22 08 43 51     8.1    -1.1   0.362   3.4   3.3  10.0 180 176 168   0    0.0   0.0   0.0  0.0  0.0  0.0   4.38      0.000    0.000  11.6   0.1    0.3  29  29  30
