 1     4.7    -2.2   4.4   4.3 179 175
 2     4.4    -6.0   3.2   3.1 190 187
 3     5.7    -7.2   3.0   2.9 174 164
 4     9.8     1.8   2.6   2.5 191 188
 5     2.9     7.0   3.8   3.8 136 131
 6    -6.9     5.9   4.8   4.8 105  96
 7    -3.9     0.5   3.2   3.1  83  75
 8     2.0     2.9   3.3   3.2  67  62
 9    -1.3    -2.4   4.2   4.1  47  44
10     0.0     6.0   8.1   8.0  35  34
2015 02 22 08 41 51    10.0     5.5   0.362   3.9   3.9  10.0 179 177 169   0    0.0   0.0   0.0  0.0  0.0  0.0   4.34      0.000    0.000  11.6   0.1    0.3  29  30  30
 1    10.0     5.5   3.9   3.9 179 177
 2    10.2    -4.0   3.1   3.0 190 187
 3     6.7     1.2   3.4   3.3 174 165
 4    11.9     7.0   3.3   3.2 189 190
 5    -1.9     3.9   3.4   3.4 136 132
 6    -6.9    -2.1   3.5   3.4 105  97
 7    -5.2    -4.8   3.1   3.1  81  73
 8    -5.6     4.2   2.9   2.8  68  62
 9    -4.3     0.0   3.4   3.3  47  43
10     2.4    -2.6   7.9   7.9  37  34
2015 02 22 08 42 51    10.6    -0.4   0.362   3.5   3.4   9.8 180 176 164   0    0.0   0.0   0.0  0.0  0.0  0.0   4.36      0.000    0.000  11.6   0.1    0.3  29  29  30
 1    10.6    -0.4   3.5   3.4 180 176
 2    12.5    -8.5   2.7   2.6 191 189
 3     4.6     0.0   3.1   3.1 175 165
 4     2.5     9.3   2.9   2.8 190 189
 5     9.8     4.7   4.2   4.1 135 131
 6    -0.6     5.5   3.5   3.5 105  98
 7    -5.2    -0.8   2.9   2.9  83  74
 8    -1.9     1.4   3.8   3.7  67  60
 9     0.9     2.5   3.7   3.6  46  43
10     4.9     5.7   9.1   9.1  36  34
2015 02 22 08 43 51     8.1    -1.1   0.362   3.4   3.3  10.0 180 176 168   0    0.0   0.0   0.0  0.0  0.0  0.0   4.38      0.000    0.000  11.6   0.1    0.3  29  29  30
 1     8.1    -1.1   3.4   3.3 180 176
 2     9.9     0.0   3.4   3.3 190 185
 3     0.0    -2.7   2.9   2.9 174 165
 4     8.9     4.3   2.9   2.8 192 189
 5    -1.0    -0.9   4.2   4.1 136 131
 6     2.6    -1.0   3.7   3.7 105  97
 7    -5.6    -5.6   3.6   3.5  83  73
 8    -6.1    -7.1   3.5   3.4  67  60
 9    -3.6    -1.0   3.7   3.6  48  42
10     0.0     1.9   8.3   8.2  37  34
2015 02 22 08 44 51     1.2     0.2   0.362   4.0   3.9  10.0 180 175 167   0    0.0   0.0   0.0  0.0  0.0  0.0   4.39      0.000    0.000  11.6   0.1    0.3  29  30  30
 1     1.2     0.2   4.0   3.9 180 175
 2     6.6    -7.6   3.0   2.9 191 187
 3    11.0     2.9   2.9   2.8 174 165
 4     2.4     6.1   2.9   2.8 190 189
 5     1.7     1.1   3.9   3.8 136 132
 6     1.3    -1.0   3.8   3.7 105  97
 7    -5.8     1.2   3.2   3.1  82  74
 8    -3.6    -1.0   3.1   3.1  67  61
 9     0.0     0.3   4.2   4.2  47  44
10     6.3    -0.6   6.8   6.7  36  34
2015 02 22 08 45 51    11.5    -1.9   0.362   4.1   4.0  10.0 179 175 169   0    0.0   0.0   0.0  0.0  0.0  0.0   4.40      0.000    0.000  11.6   0.1    0.3  29  30  30
 1    11.5    -1.9   4.1   4.0 179 175
 2    11.2    -4.7   2.9   2.8 192 188
 3     5.9    -8.6   3.5   3.4 175 166
 4     3.4     2.6   2.9   2.8 191 188
 5     0.5     4.7   5.5   5.4 135 131
 6    -0.4    -3.3   3.4   3.3 106  96
 7    -1.4    -1.7   3.0   2.9  85  73
 8     0.4     6.0   3.4   3.3  69  59
 9     0.0     1.6   3.8   3.8  47  43
10    -1.3     1.9   7.9   7.8  36  34
2015 02 22 08 46 51     8.8    -4.7   0.362   4.3   4.2  10.0 181 175 168   0    0.0   0.0   0.0  0.0  0.0  0.0   4.41      0.000    0.000  11.6   0.1    0.3  29  30  30
 1     8.8    -4.7   4.3   4.2 181 175
 2    10.3    -3.5   3.1   3.1 192 187
 3     3.9     6.4   3.2   3.1 174 164
 4     7.5     2.1   2.9   2.8 191 187
 5     6.3     0.6   4.5   4.5 135 132
 6     5.7    -0.7   3.9   3.8 104  97
 7     0.8     0.0   3.0   2.9  83  73
 8     2.8    -4.3   3.1   3.0  69  61
 9     3.8    -3.2   5.5   5.5  47  43
10    -0.7     4.3   9.8   9.7  36  34
2015 02 22 08 47 51    10.6    -2.0   0.362   3.8   3.7  10.0 179 175 167   0    0.0   0.0   0.0  0.0  0.0  0.0   4.42      0.000    0.000  11.6   0.1    0.3  29  30  30
 1    10.6    -2.0   3.8   3.7 179 175
 2    11.4    -3.9   3.3   3.2 193 188
 3    13.3    -4.5   3.2   3.1 174 165
 4     6.4     6.6   3.0   3.0 190 187
 5     2.9     3.2   3.8   3.7 136 132
 6    -1.0    -2.1   4.1   4.1 107  97
 7     0.9    -3.0   3.6   3.5  83  75
 8     0.9     2.7   3.3   3.2  67  60
 9    -1.0     6.2   3.4   3.4  46  44
10     3.1    -0.4   9.3   9.2  36  34
2015 02 22 08 48 51    12.0    -4.1   0.362   3.8   3.8  10.0 181 177 166   0    0.0   0.0   0.0  0.0  0.0  0.0   4.43      0.000    0.000  11.6   0.1    0.3  30  29  30
 1    12.0    -4.1   3.8   3.8 181 177
 2     2.0    -2.6   2.9   2.8 190 185
 3     3.4     1.4   2.8   2.8 173 164
 4    -0.5     9.0   2.9   2.8 191 187
 5     8.2     5.3   4.1   4.1 135 131
 6     0.4     1.8   3.8   3.8 104  96
 7     2.5     2.5   2.9   2.8  82  74
 8    -3.2    -9.4   2.9   2.8  68  61
 9     0.8     6.7   4.9   4.8  47  43
10     9.2     4.3   5.9   5.9  36  34
2015 02 22 08 49 51     8.2    -3.2   0.362   3.9   3.8  10.0 180 176 168   0    0.0   0.0   0.0  0.0  0.0  0.0   4.43      0.000    0.000  11.6   0.1    0.3  30  30  30
 1     8.2    -3.2   3.9   3.8 180 176
 2     5.8    -3.4   2.8   2.7 190 187
 3     2.9    -1.7   2.8   2.8 174 163
 4    -0.9     7.0   2.8   2.7 192 186
 5     5.5     0.8   3.7   3.7 135 130
 6    -5.2     0.9   3.5   3.4 104  96
 7     5.6    -4.4   3.1   3.1  84  74
 8    -1.3     3.4   3.5   3.4  69  60
 9     0.2     1.0   4.8   4.8  46  43
10    -0.2     4.3   7.5   7.5  36  34
2015 02 22 08 50 51     4.5    -5.5   0.362   3.6   3.6  10.0 179 176 165   0    0.0   0.0   0.0  0.0  0.0  0.0   4.44      0.000    0.000  11.6   0.1    0.3  29  29  30
 1     4.5    -5.5   3.6   3.6 179 176
 2     4.8    -0.1   2.8   2.7 190 187
 3    11.9    -5.7   2.7   2.6 174 165
 4    -0.3     5.6   3.4   3.3 190 186
 5     0.6    -1.3   3.0   2.9 135 132
 6     1.5    -6.4   3.7   3.6 104  98
 7    -4.6     0.7   3.2   3.1  84  73
 8    -3.6    -0.9   3.2   3.1  68  59
 9     3.6     0.7   5.9   5.9  46  43
10     7.4     6.4   8.0   7.9  36  34
2015 02 22 08 51 51     3.2     0.6   0.362   3.5   3.5  10.0 178 175 169   0    0.0   0.0   0.0  0.0  0.0  0.0   4.44      0.000    0.000  11.6   0.1    0.3  29  29  30
 1     3.2     0.6   3.5   3.5 178 175
 2     7.0    -1.0   3.2   3.1 189 187
 3    -0.4    -5.5   2.7   2.6 173 164
 4    -4.8     7.3   3.3   3.2 190 185
 5     1.7     3.0   4.1   4.1 135 131
 6     4.0    -7.1   3.4   3.3 104  96
 7     5.8    -1.1   3.0   2.9  83  74
 8     7.5    -3.0   3.3   3.2  69  59
 9     1.3     0.7   4.6   4.6  47  42
10    -9.9     8.3   7.5   7.4  36  34
2015 02 22 08 52 51     6.8    -4.0   0.362   4.3   4.3  10.0 179 176 170   0    0.0   0.0   0.0  0.0  0.0  0.0   4.45      0.000    0.000  11.6   0.1    0.3  29  29  30
 1     6.8    -4.0   4.3   4.3 179 176
 2     5.1     1.3   3.1   3.1 189 186
 3     6.9    -2.9   2.7   2.6 173 164
 4    -2.4     6.3   3.5   3.4 189 186
 5     2.5    -2.6   4.0   3.9 134 131
 6    -7.8    -1.0   4.6   4.5 104  97
 7     1.3     1.2   3.1   3.1  83  74
 8     0.4     3.8   3.8   3.8  68  59
 9    -1.3     4.4   6.4   6.3  48  43
10    -6.2     3.4   9.7   9.6  36  34
2015 02 22 08 53 51     8.3    -1.3   0.363   3.9   3.8  10.0 180 176 167   0    0.0   0.0   0.0  0.0  0.0  0.0   4.45      0.000    0.000  11.6   0.1    0.3  30  29  30
 1     8.3    -1.3   3.9   3.8 180 176
 2    10.6    -4.9   2.9   2.9 189 187
 3    12.7    -4.1   3.1   3.0 174 164
 4    -8.3     7.0   3.0   2.9 190 185
 5     2.1    -5.2   3.8   3.8 135 130
 6    -6.5     2.5   3.7   3.6 105  96
 7    -0.5    -2.5   3.3   3.2  85  74
 8     0.7    -0.4   3.1   3.0  69  60
 9     1.2    -0.4   3.4   3.3  47  44
10    -1.4    -4.4  10.3  10.2  36  34
2015 02 22 08 54 51     1.7     2.3   0.362   3.9   3.8  10.0 180 176 167   0    0.0   0.0   0.0  0.0  0.0  0.0   4.45      0.000    0.000  11.6   0.1    0.3  29  30  30
 1     1.7     2.3   3.9   3.8 180 176
 2     8.3     0.0   2.6   2.6 191 188
 3     3.0     0.8   2.7   2.6 173 165
 4    -2.1     7.0   3.4   3.4 190 185
 5    -0.4     0.0   3.7   3.6 135 131
 6     0.5    -1.3   3.4   3.3 105  96
 7     1.5     4.6   3.4   3.3  84  73
 8     2.3     1.0   3.5   3.4  68  59
 9     0.8     0.9   3.8   3.8  47  44
10    -7.4     0.8   9.4   9.3  36  34
2015 02 22 08 55 51    11.6    -4.0   0.363   4.0   3.9  10.0 180 176 169   0    0.0   0.0   0.0  0.0  0.0  0.0   4.44      0.000    0.000  11.6   0.1    0.3  29  29  30
 1    11.6    -4.0   4.0   3.9 180 176
 2     3.6    -1.7   3.0   2.9 192 187
 3     2.3     0.5   2.9   2.8 174 164
 4    -3.7    11.8   3.6   3.5 191 185
 5     3.8     3.4   4.6   4.5 136 131
 6    -4.2     6.3   3.6   3.5 105  96
 7     6.7    -0.9   3.4   3.3  83  72
 8     0.0     2.5   3.7   3.6  68  59
 9     9.1    -1.8   6.1   6.0  48  43
10     7.3    -1.0   8.3   8.3  36  34
2015 02 22 08 56 51    10.9    -1.0   0.362   3.5   3.4  10.0 181 177 167   0    0.0   0.0   0.0  0.0  0.0  0.0   4.45      0.000    0.000  11.6   0.1    0.3  30  29  30
 1    10.9    -1.0   3.5   3.4 181 177
 2     6.9    -3.6   3.4   3.3 191 188
 3     8.8    -2.5   3.6   3.5 173 164
 4    -9.5     2.6   3.3   3.2 190 183
 5     5.8     4.7   3.6   3.6 136 130
 6    -0.9    -1.4   4.7   4.7 105  97
 7     0.0    -5.9   3.3   3.3  84  74
 8     0.1    -3.0   4.0   4.0  69  59
 9     0.0    -0.3   5.0   4.9  47  43
10    -0.1    -3.7   7.6   7.5  36  34
2015 02 22 08 57 51     6.1     7.1   0.363   3.5   3.4  10.0 180 175 167   0    0.0   0.0   0.0  0.0  0.0  0.0   4.44      0.000    0.000  11.6   0.1    0.3  29  30  30
 1     6.1     7.1   3.5   3.4 180 175
 2    11.5    -2.4   3.0   2.9 192 189
 3     8.4    -8.2   3.3   3.2 174 165
 4   -10.0     6.4   3.5   3.4 191 184
 5    -2.0    -1.0   4.2   4.2 136 130
 6     1.9     7.8   4.2   4.1 105  97
 7    -0.6     0.0   3.3   3.2  83  73
 8     0.6     3.2   3.3   3.3  68  58
 9    -1.3     1.5   5.2   5.1  47  43
10     1.4     1.6   7.4   7.3  36  34
2015 02 22 08 58 51     4.7     0.8   0.363   4.2   4.2  10.0 179 176 165   0    0.0   0.0   0.0  0.0  0.0  0.0   4.44      0.000    0.000  11.6   0.1    0.3  30  30  30
 1     4.7     0.8   4.2   4.2 179 176
 2     4.4    -5.1   3.4   3.4 190 186
 3     4.3    -2.5   3.2   3.1 174 164
 4   -14.2    11.9   2.6   2.6 190 186
 5     2.7    -2.2   3.9   3.8 135 131
 6     0.0    -0.9   3.8   3.7 105  97
 7     2.9     2.1   3.5   3.4  81  74
 8    -0.4    -2.6   3.2   3.1  70  61
 9    -1.3     2.9   4.4   4.3  47  45
10     5.3     8.5   6.8   6.8  36  34
